-8	1	0.5	0
-7.9	1.006752877	0.486259853	0.784591
-7.8	1.013277086	0.47251407	1.564345
-7.7	1.0195364	0.458852404	2.334454
-7.6	1.025499682	0.445365469	3.09017
-7.5	1.031140923	0.432143955	3.826834
-7.4	1.036439149	0.41927782	4.539905
-7.3	1.041378213	0.406855525	5.224986
-7.2	1.045946495	0.394963199	5.877853
-7.1	1.050136502	0.383683888	6.49448
-7	1.053944412	0.373096738	7.071068
-6.9	1.05736948	0.363276455	7.60406
-6.8	1.060413505	0.354292533	8.09017
-6.7	1.063080215	0.346208688	8.526402
-6.6	1.065374641	0.3390824	8.910065
-6.5	1.067302554	0.33296435	9.238795
-6.4	1.068869885	0.327898107	9.510565
-6.3	1.070082232	0.323919769	9.723699
-6.2	1.070944427	0.32105768	9.876883
-6.1	1.071460186	0.319332226	9.969173
-6	1.071631842	0.318755699	10
-5.9	1.071460186	0.319332226	9.969173
-5.8	1.070944427	0.32105768	9.876883
-5.7	1.070082232	0.323919769	9.723699
-5.6	1.068869885	0.327898107	9.510565
-5.5	1.067302554	0.33296435	9.238795
-5.4	1.065374641	0.3390824	8.910065
-5.3	1.063080215	0.346208688	8.526402
-5.2	1.060413505	0.354292533	8.09017
-5.1	1.05736948	0.363276455	7.60406
-5	1.053944412	0.373096738	7.071068
-4.9	1.050136502	0.383683888	6.49448
-4.8	1.045946495	0.394963199	5.877853
-4.7	1.041378213	0.406855525	5.224986
-4.6	1.036439149	0.41927782	4.539905
-4.5	1.031140923	0.432143955	3.826834
-4.4	1.025499682	0.445365469	3.09017
-4.3	1.0195364	0.458852404	2.334454
-4.2	1.013277086	0.47251407	1.564345
-4.1	1.006752877	0.486259853	0.784591
-4	1	0.5	0
-3.9	0.993059609	0.51364639	-0.784591
-3.8	0.985977508	0.527113227	-1.564345
-3.7	0.978803764	0.540317677	-2.334454
-3.6	0.971592185	0.553180464	-3.09017
-3.5	0.964399717	0.565626365	-3.826834
-3.4	0.957285746	0.577584627	-4.539905
-3.3	0.950311348	0.588989255	-5.224986
-3.2	0.943538457	0.599779277	-5.877853
-3.1	0.937029012	0.609898869	-6.49448
-3	0.930844038	0.619297487	-7.071068
-2.9	0.925042852	0.627929711	-7.60406
-2.8	0.919682129	0.635755284	-8.09017
-2.7	0.91481508	0.642738959	-8.526402
-2.6	0.910490705	0.648850273	-8.910065
-2.5	0.906753012	0.654063433	-9.238795
-2.4	0.903640417	0.658357044	-9.510565
-2.3	0.901185155	0.661713924	-9.723699
-2.2	0.899412801	0.664120933	-9.876883
-2.1	0.898341892	0.665568813	-9.969173
-2	0.897983664	0.666052054	-10
-1.9	0.898341892	0.665568813	-9.969173
-1.8	0.899412801	0.664120933	-9.876883
-1.7	0.901185155	0.661713924	-9.723699
-1.6	0.903640417	0.658357044	-9.510565
-1.5	0.906753012	0.654063433	-9.238795
-1.4	0.910490705	0.648850273	-8.910065
-1.3	0.91481508	0.642738959	-8.526402
-1.2	0.919682129	0.635755284	-8.09017
-1.1	0.925042852	0.627929711	-7.60406
-1	0.930844038	0.619297487	-7.071068
-0.9	0.937029012	0.609898869	-6.49448
-0.8	0.943538457	0.599779277	-5.877853
-0.7	0.950311348	0.588989255	-5.224986
-0.6	0.957285746	0.577584627	-4.539905
-0.5	0.964399717	0.565626365	-3.826834
-0.4	0.971592185	0.553180464	-3.09017
-0.3	0.978803764	0.540317677	-2.334454
-0.2	0.985977508	0.527113227	-1.564345
-0.1	0.993059609	0.51364639	-0.784591
0	1	0.5	0
0.1	1.006752877	0.486259853	0.784591
0.2	1.013277086	0.47251407	1.564345
0.3	1.0195364	0.458852404	2.334454
0.4	1.025499682	0.445365469	3.09017
0.5	1.031140923	0.432143955	3.826834
0.6	1.036439149	0.41927782	4.539905
0.7	1.041378213	0.406855525	5.224986
0.8	1.045946495	0.394963199	5.877853
0.9	1.050136502	0.383683888	6.49448
1	1.053944412	0.373096738	7.071068
1.1	1.05736948	0.363276455	7.60406
1.2	1.060413505	0.354292533	8.09017
1.3	1.063080215	0.346208688	8.526402
1.4	1.065374641	0.3390824	8.910065
1.5	1.067302554	0.33296435	9.238795
1.6	1.068869885	0.327898107	9.510565
1.7	1.070082232	0.323919769	9.723699
1.8	1.070944427	0.32105768	9.876883
1.9	1.071460186	0.319332226	9.969173
2	1.071631842	0.318755699	10
2.1	1.071460186	0.319332226	9.969173
2.2	1.070944427	0.32105768	9.876883
2.3	1.070082232	0.323919769	9.723699
2.4	1.068869885	0.327898107	9.510565
2.5	1.067302554	0.33296435	9.238795
2.6	1.065374641	0.3390824	8.910065
2.7	1.063080215	0.346208688	8.526402
2.8	1.060413505	0.354292533	8.09017
2.9	1.05736948	0.363276455	7.60406
3	1.053944412	0.373096738	7.071068
3.1	1.050136502	0.383683888	6.49448
3.2	1.045946495	0.394963199	5.877853
3.3	1.041378213	0.406855525	5.224986
3.4	1.036439149	0.41927782	4.539905
3.5	1.031140923	0.432143955	3.826834
3.6	1.025499682	0.445365469	3.09017
3.7	1.0195364	0.458852404	2.334454
3.8	1.013277086	0.47251407	1.564345
3.9	1.006752877	0.486259853	0.784591
4	1	0.5	0
4.1	0.993059609	0.51364639	-0.784591
4.2	0.985977508	0.527113227	-1.564345
4.3	0.978803764	0.540317677	-2.334454
4.4	0.971592185	0.553180464	-3.09017
4.5	0.964399717	0.565626365	-3.826834
4.6	0.957285746	0.577584627	-4.539905
4.7	0.950311348	0.588989255	-5.224986
4.8	0.943538457	0.599779277	-5.877853
4.9	0.937029012	0.609898869	-6.49448
5	0.930844038	0.619297487	-7.071068
5.1	0.925042852	0.627929711	-7.60406
5.2	0.919682129	0.635755284	-8.09017
5.3	0.91481508	0.642738959	-8.526402
5.4	0.910490705	0.648850273	-8.910065
5.5	0.906753012	0.654063433	-9.238795
5.6	0.903640417	0.658357044	-9.510565
5.7	0.901185155	0.661713924	-9.723699
5.8	0.899412801	0.664120933	-9.876883
5.9	0.898341892	0.665568813	-9.969173
6	0.897983664	0.666052054	-10
6.1	0.898341892	0.665568813	-9.969173
6.2	0.899412801	0.664120933	-9.876883
6.3	0.901185155	0.661713924	-9.723699
6.4	0.903640417	0.658357044	-9.510565
6.5	0.906753012	0.654063433	-9.238795
6.6	0.910490705	0.648850273	-8.910065
6.7	0.91481508	0.642738959	-8.526402
6.8	0.919682129	0.635755284	-8.09017
6.9	0.925042852	0.627929711	-7.60406
7	0.930844038	0.619297487	-7.071068
7.1	0.937029012	0.609898869	-6.49448
7.2	0.943538457	0.599779277	-5.877853
7.3	0.950311348	0.588989255	-5.224986
7.4	0.957285746	0.577584627	-4.539905
7.5	0.964399717	0.565626365	-3.826834
7.6	0.971592185	0.553180464	-3.09017
7.7	0.978803764	0.540317677	-2.334454
7.8	0.985977508	0.527113227	-1.564345
7.9	0.993059609	0.51364639	-0.784591
8	1	0.5	0
8.1	1.006752877	0.486259853	0.784591
8.2	1.013277086	0.47251407	1.564345
8.3	1.0195364	0.458852404	2.334454
8.4	1.025499682	0.445365469	3.09017
8.5	1.031140923	0.432143955	3.826834
8.6	1.036439149	0.41927782	4.539905
8.7	1.041378213	0.406855525	5.224986
8.8	1.045946495	0.394963199	5.877853
8.9	1.050136502	0.383683888	6.49448
9	1.053944412	0.373096738	7.071068
9.1	1.05736948	0.363276455	7.60406
9.2	1.060413505	0.354292533	8.09017
9.3	1.063080215	0.346208688	8.526402
9.4	1.065374641	0.3390824	8.910065
9.5	1.067302554	0.33296435	9.238795
9.6	1.068869885	0.327898107	9.510565
9.7	1.070082232	0.323919769	9.723699
9.8	1.070944427	0.32105768	9.876883
9.9	1.071460186	0.319332226	9.969173
10	1.071631842	0.318755699	10
10.1	1.071460186	0.319332226	9.969173
10.2	1.070944427	0.32105768	9.876883
10.3	1.070082232	0.323919769	9.723699
10.4	1.068869885	0.327898107	9.510565
10.5	1.067302554	0.33296435	9.238795
10.6	1.065374641	0.3390824	8.910065
10.7	1.063080215	0.346208688	8.526402
10.8	1.060413505	0.354292533	8.09017
10.9	1.05736948	0.363276455	7.60406
11	1.053944412	0.373096738	7.071068
11.1	1.050136502	0.383683888	6.49448
11.2	1.045946495	0.394963199	5.877853
11.3	1.041378213	0.406855525	5.224986
11.4	1.036439149	0.41927782	4.539905
11.5	1.031140923	0.432143955	3.826834
11.6	1.025499682	0.445365469	3.09017
11.7	1.0195364	0.458852404	2.334454
11.8	1.013277086	0.47251407	1.564345
11.9	1.006752877	0.486259853	0.784591
12	1	0.5	0
12.1	0.993059609	0.51364639	-0.784591
12.2	0.985977508	0.527113227	-1.564345
12.3	0.978803764	0.540317677	-2.334454
12.4	0.971592185	0.553180464	-3.09017
12.5	0.964399717	0.565626365	-3.826834
12.6	0.957285746	0.577584627	-4.539905
12.7	0.950311348	0.588989255	-5.224986
12.8	0.943538457	0.599779277	-5.877853
12.9	0.937029012	0.609898869	-6.49448
13	0.930844038	0.619297487	-7.071068
13.1	0.925042852	0.627929711	-7.60406
13.2	0.919682129	0.635755284	-8.09017
13.3	0.91481508	0.642738959	-8.526402
13.4	0.910490705	0.648850273	-8.910065
13.5	0.906753012	0.654063433	-9.238795
13.6	0.903640417	0.658357044	-9.510565
13.7	0.901185155	0.661713924	-9.723699
13.8	0.899412801	0.664120933	-9.876883
13.9	0.898341892	0.665568813	-9.969173
14	0.897983664	0.666052054	-10
14.1	0.898341892	0.665568813	-9.969173
14.2	0.899412801	0.664120933	-9.876883
14.3	0.901185155	0.661713924	-9.723699
14.4	0.903640417	0.658357044	-9.510565
14.5	0.906753012	0.654063433	-9.238795
14.6	0.910490705	0.648850273	-8.910065
14.7	0.91481508	0.642738959	-8.526402
14.8	0.919682129	0.635755284	-8.09017
14.9	0.925042852	0.627929711	-7.60406
15	0.930844038	0.619297487	-7.071068
15.1	0.937029012	0.609898869	-6.49448
15.2	0.943538457	0.599779277	-5.877853
15.3	0.950311348	0.588989255	-5.224986
15.4	0.957285746	0.577584627	-4.539905
15.5	0.964399717	0.565626365	-3.826834
15.6	0.971592185	0.553180464	-3.09017
15.7	0.978803764	0.540317677	-2.334454
15.8	0.985977508	0.527113227	-1.564345
15.9	0.993059609	0.51364639	-0.784591
16	1	0.5	0
16.1	1.006752877	0.486259853	0.784591
16.2	1.013277086	0.47251407	1.564345
16.3	1.0195364	0.458852404	2.334454
16.4	1.025499682	0.445365469	3.09017
16.5	1.031140923	0.432143955	3.826834
16.6	1.036439149	0.41927782	4.539905
16.7	1.041378213	0.406855525	5.224986
16.8	1.045946495	0.394963199	5.877853
16.9	1.050136502	0.383683888	6.49448
17	1.053944412	0.373096738	7.071068
17.1	1.05736948	0.363276455	7.60406
17.2	1.060413505	0.354292533	8.09017
17.3	1.063080215	0.346208688	8.526402
17.4	1.065374641	0.3390824	8.910065
17.5	1.067302554	0.33296435	9.238795
17.6	1.068869885	0.327898107	9.510565
17.7	1.070082232	0.323919769	9.723699
17.8	1.070944427	0.32105768	9.876883
17.9	1.071460186	0.319332226	9.969173
18	1.071631842	0.318755699	10
18.1	1.071460186	0.319332226	9.969173
18.2	1.070944427	0.32105768	9.876883
18.3	1.070082232	0.323919769	9.723699
18.4	1.068869885	0.327898107	9.510565
18.5	1.067302554	0.33296435	9.238795
18.6	1.065374641	0.3390824	8.910065
18.7	1.063080215	0.346208688	8.526402
18.8	1.060413505	0.354292533	8.09017
18.9	1.05736948	0.363276455	7.60406
19	1.053944412	0.373096738	7.071068
19.1	1.050136502	0.383683888	6.49448
19.2	1.045946495	0.394963199	5.877853
19.3	1.041378213	0.406855525	5.224986
19.4	1.036439149	0.41927782	4.539905
19.5	1.031140923	0.432143955	3.826834
19.6	1.025499682	0.445365469	3.09017
19.7	1.0195364	0.458852404	2.334454
19.8	1.013277086	0.47251407	1.564345
19.9	1.006752877	0.486259853	0.784591
20	1	0.5	0
20.1	0.993059609	0.51364639	-0.784591
20.2	0.985977508	0.527113227	-1.564345
20.3	0.978803764	0.540317677	-2.334454
20.4	0.971592185	0.553180464	-3.09017
20.5	0.964399717	0.565626365	-3.826834
20.6	0.957285746	0.577584627	-4.539905
20.7	0.950311348	0.588989255	-5.224986
20.8	0.943538457	0.599779277	-5.877853
20.9	0.937029012	0.609898869	-6.49448
21	0.930844038	0.619297487	-7.071068
21.1	0.925042852	0.627929711	-7.60406
21.2	0.919682129	0.635755284	-8.09017
21.3	0.91481508	0.642738959	-8.526402
21.4	0.910490705	0.648850273	-8.910065
21.5	0.906753012	0.654063433	-9.238795
21.6	0.903640417	0.658357044	-9.510565
21.7	0.901185155	0.661713924	-9.723699
21.8	0.899412801	0.664120933	-9.876883
21.9	0.898341892	0.665568813	-9.969173
22	0.897983664	0.666052054	-10
22.1	0.898341892	0.665568813	-9.969173
22.2	0.899412801	0.664120933	-9.876883
22.3	0.901185155	0.661713924	-9.723699
22.4	0.903640417	0.658357044	-9.510565
22.5	0.906753012	0.654063433	-9.238795
22.6	0.910490705	0.648850273	-8.910065
22.7	0.91481508	0.642738959	-8.526402
22.8	0.919682129	0.635755284	-8.09017
22.9	0.925042852	0.627929711	-7.60406
23	0.930844038	0.619297487	-7.071068
23.1	0.937029012	0.609898869	-6.49448
23.2	0.943538457	0.599779277	-5.877853
23.3	0.950311348	0.588989255	-5.224986
23.4	0.957285746	0.577584627	-4.539905
23.5	0.964399717	0.565626365	-3.826834
23.6	0.971592185	0.553180464	-3.09017
23.7	0.978803764	0.540317677	-2.334454
23.8	0.985977508	0.527113227	-1.564345
23.9	0.993059609	0.51364639	-0.784591
24	1	0.5	0
24.1	1.006752877	0.486259853	0.784591
24.2	1.013277086	0.47251407	1.564345
24.3	1.0195364	0.458852404	2.334454
24.4	1.025499682	0.445365469	3.09017
24.5	1.031140923	0.432143955	3.826834
24.6	1.036439149	0.41927782	4.539905
24.7	1.041378213	0.406855525	5.224986
24.8	1.045946495	0.394963199	5.877853
24.9	1.050136502	0.383683888	6.49448
25	1.053944412	0.373096738	7.071068
25.1	1.05736948	0.363276455	7.60406
25.2	1.060413505	0.354292533	8.09017
25.3	1.063080215	0.346208688	8.526402
25.4	1.065374641	0.3390824	8.910065
25.5	1.067302554	0.33296435	9.238795
25.6	1.068869885	0.327898107	9.510565
25.7	1.070082232	0.323919769	9.723699
25.8	1.070944427	0.32105768	9.876883
25.9	1.071460186	0.319332226	9.969173
26	1.071631842	0.318755699	10
26.1	1.071460186	0.319332226	9.969173
26.2	1.070944427	0.32105768	9.876883
26.3	1.070082232	0.323919769	9.723699
26.4	1.068869885	0.327898107	9.510565
26.5	1.067302554	0.33296435	9.238795
26.6	1.065374641	0.3390824	8.910065
26.7	1.063080215	0.346208688	8.526402
26.8	1.060413505	0.354292533	8.09017
26.9	1.05736948	0.363276455	7.60406
27	1.053944412	0.373096738	7.071068
27.1	1.050136502	0.383683888	6.49448
27.2	1.045946495	0.394963199	5.877853
27.3	1.041378213	0.406855525	5.224986
27.4	1.036439149	0.41927782	4.539905
27.5	1.031140923	0.432143955	3.826834
27.6	1.025499682	0.445365469	3.09017
27.7	1.0195364	0.458852404	2.334454
27.8	1.013277086	0.47251407	1.564345
27.9	1.006752877	0.486259853	0.784591
28	1	0.5	0
28.1	0.993059609	0.51364639	-0.784591
28.2	0.985977508	0.527113227	-1.564345
28.3	0.978803764	0.540317677	-2.334454
28.4	0.971592185	0.553180464	-3.09017
28.5	0.964399717	0.565626365	-3.826834
28.6	0.957285746	0.577584627	-4.539905
28.7	0.950311348	0.588989255	-5.224986
28.8	0.943538457	0.599779277	-5.877853
28.9	0.937029012	0.609898869	-6.49448
29	0.930844038	0.619297487	-7.071068
29.1	0.925042852	0.627929711	-7.60406
29.2	0.919682129	0.635755284	-8.09017
29.3	0.91481508	0.642738959	-8.526402
29.4	0.910490705	0.648850273	-8.910065
29.5	0.906753012	0.654063433	-9.238795
29.6	0.903640417	0.658357044	-9.510565
29.7	0.901185155	0.661713924	-9.723699
29.8	0.899412801	0.664120933	-9.876883
29.9	0.898341892	0.665568813	-9.969173
30	0.897983664	0.666052054	-10
30.1	0.898341892	0.665568813	-9.969173
30.2	0.899412801	0.664120933	-9.876883
30.3	0.901185155	0.661713924	-9.723699
30.4	0.903640417	0.658357044	-9.510565
30.5	0.906753012	0.654063433	-9.238795
30.6	0.910490705	0.648850273	-8.910065
30.7	0.91481508	0.642738959	-8.526402
30.8	0.919682129	0.635755284	-8.09017
30.9	0.925042852	0.627929711	-7.60406
31	0.930844038	0.619297487	-7.071068
31.1	0.937029012	0.609898869	-6.49448
31.2	0.943538457	0.599779277	-5.877853
31.3	0.950311348	0.588989255	-5.224986
31.4	0.957285746	0.577584627	-4.539905
31.5	0.964399717	0.565626365	-3.826834
31.6	0.971592185	0.553180464	-3.09017
31.7	0.978803764	0.540317677	-2.334454
31.8	0.985977508	0.527113227	-1.564345
31.9	0.993059609	0.51364639	-0.784591
32	1	0.5	0
32.1	1.006752877	0.486259853	0.784591
32.2	1.013277086	0.47251407	1.564345
32.3	1.0195364	0.458852404	2.334454
32.4	1.025499682	0.445365469	3.09017
32.5	1.031140923	0.432143955	3.826834
32.6	1.036439149	0.41927782	4.539905
32.7	1.041378213	0.406855525	5.224986
32.8	1.045946495	0.394963199	5.877853
32.9	1.050136502	0.383683888	6.49448
33	1.053944412	0.373096738	7.071068
33.1	1.05736948	0.363276455	7.60406
33.2	1.060413505	0.354292533	8.09017
33.3	1.063080215	0.346208688	8.526402
33.4	1.065374641	0.3390824	8.910065
33.5	1.067302554	0.33296435	9.238795
33.6	1.068869885	0.327898107	9.510565
33.7	1.070082232	0.323919769	9.723699
33.8	1.070944427	0.32105768	9.876883
33.9	1.071460186	0.319332226	9.969173
34	1.071631842	0.318755699	10
34.1	1.071460186	0.319332226	9.969173
34.2	1.070944427	0.32105768	9.876883
34.3	1.070082232	0.323919769	9.723699
34.4	1.068869885	0.327898107	9.510565
34.5	1.067302554	0.33296435	9.238795
34.6	1.065374641	0.3390824	8.910065
34.7	1.063080215	0.346208688	8.526402
34.8	1.060413505	0.354292533	8.09017
34.9	1.05736948	0.363276455	7.60406
35	1.053944412	0.373096738	7.071068
35.1	1.050136502	0.383683888	6.49448
35.2	1.045946495	0.394963199	5.877853
35.3	1.041378213	0.406855525	5.224986
35.4	1.036439149	0.41927782	4.539905
35.5	1.031140923	0.432143955	3.826834
35.6	1.025499682	0.445365469	3.09017
35.7	1.0195364	0.458852404	2.334454
35.8	1.013277086	0.47251407	1.564345
35.9	1.006752877	0.486259853	0.784591
36	1	0.5	0
36.1	0.993059609	0.51364639	-0.784591
36.2	0.985977508	0.527113227	-1.564345
36.3	0.978803764	0.540317677	-2.334454
36.4	0.971592185	0.553180464	-3.09017
36.5	0.964399717	0.565626365	-3.826834
36.6	0.957285746	0.577584627	-4.539905
36.7	0.950311348	0.588989255	-5.224986
36.8	0.943538457	0.599779277	-5.877853
36.9	0.937029012	0.609898869	-6.49448
37	0.930844038	0.619297487	-7.071068
37.1	0.925042852	0.627929711	-7.60406
37.2	0.919682129	0.635755284	-8.09017
37.3	0.91481508	0.642738959	-8.526402
37.4	0.910490705	0.648850273	-8.910065
37.5	0.906753012	0.654063433	-9.238795
37.6	0.903640417	0.658357044	-9.510565
37.7	0.901185155	0.661713924	-9.723699
37.8	0.899412801	0.664120933	-9.876883
37.9	0.898341892	0.665568813	-9.969173
38	0.897983664	0.666052054	-10
38.1	0.898341892	0.665568813	-9.969173
38.2	0.899412801	0.664120933	-9.876883
38.3	0.901185155	0.661713924	-9.723699
38.4	0.903640417	0.658357044	-9.510565
38.5	0.906753012	0.654063433	-9.238795
38.6	0.910490705	0.648850273	-8.910065
38.7	0.91481508	0.642738959	-8.526402
38.8	0.919682129	0.635755284	-8.09017
38.9	0.925042852	0.627929711	-7.60406
39	0.930844038	0.619297487	-7.071068
39.1	0.937029012	0.609898869	-6.49448
39.2	0.943538457	0.599779277	-5.877853
39.3	0.950311348	0.588989255	-5.224986
39.4	0.957285746	0.577584627	-4.539905
39.5	0.964399717	0.565626365	-3.826834
39.6	0.971592185	0.553180464	-3.09017
39.7	0.978803764	0.540317677	-2.334454
39.8	0.985977508	0.527113227	-1.564345
39.9	0.993059609	0.51364639	-0.784591
40	1	0.5	0
40.1	1.006752877	0.486259853	0.784591
40.2	1.013277086	0.47251407	1.564345
40.3	1.0195364	0.458852404	2.334454
40.4	1.025499682	0.445365469	3.09017
40.5	1.031140923	0.432143955	3.826834
40.6	1.036439149	0.41927782	4.539905
40.7	1.041378213	0.406855525	5.224986
40.8	1.045946495	0.394963199	5.877853
40.9	1.050136502	0.383683888	6.49448
41	1.053944412	0.373096738	7.071068
41.1	1.05736948	0.363276455	7.60406
41.2	1.060413505	0.354292533	8.09017
41.3	1.063080215	0.346208688	8.526402
41.4	1.065374641	0.3390824	8.910065
41.5	1.067302554	0.33296435	9.238795
41.6	1.068869885	0.327898107	9.510565
41.7	1.070082232	0.323919769	9.723699
41.8	1.070944427	0.32105768	9.876883
41.9	1.071460186	0.319332226	9.969173
42	1.071631842	0.318755699	10
42.1	1.071460186	0.319332226	9.969173
42.2	1.070944427	0.32105768	9.876883
42.3	1.070082232	0.323919769	9.723699
42.4	1.068869885	0.327898107	9.510565
42.5	1.067302554	0.33296435	9.238795
42.6	1.065374641	0.3390824	8.910065
42.7	1.063080215	0.346208688	8.526402
42.8	1.060413505	0.354292533	8.09017
42.9	1.05736948	0.363276455	7.60406
43	1.053944412	0.373096738	7.071068
43.1	1.050136502	0.383683888	6.49448
43.2	1.045946495	0.394963199	5.877853
43.3	1.041378213	0.406855525	5.224986
43.4	1.036439149	0.41927782	4.539905
43.5	1.031140923	0.432143955	3.826834
43.6	1.025499682	0.445365469	3.09017
43.7	1.0195364	0.458852404	2.334454
43.8	1.013277086	0.47251407	1.564345
43.9	1.006752877	0.486259853	0.784591
44	1	0.5	0
44.1	0.993059609	0.51364639	-0.784591
44.2	0.985977508	0.527113227	-1.564345
44.3	0.978803764	0.540317677	-2.334454
44.4	0.971592185	0.553180464	-3.09017
44.5	0.964399717	0.565626365	-3.826834
44.6	0.957285746	0.577584627	-4.539905
44.7	0.950311348	0.588989255	-5.224986
44.8	0.943538457	0.599779277	-5.877853
44.9	0.937029012	0.609898869	-6.49448
45	0.930844038	0.619297487	-7.071068
45.1	0.925042852	0.627929711	-7.60406
45.2	0.919682129	0.635755284	-8.09017
45.3	0.91481508	0.642738959	-8.526402
45.4	0.910490705	0.648850273	-8.910065
45.5	0.906753012	0.654063433	-9.238795
45.6	0.903640417	0.658357044	-9.510565
45.7	0.901185155	0.661713924	-9.723699
45.8	0.899412801	0.664120933	-9.876883
45.9	0.898341892	0.665568813	-9.969173
46	0.897983664	0.666052054	-10
46.1	0.898341892	0.665568813	-9.969173
46.2	0.899412801	0.664120933	-9.876883
46.3	0.901185155	0.661713924	-9.723699
46.4	0.903640417	0.658357044	-9.510565
46.5	0.906753012	0.654063433	-9.238795
46.6	0.910490705	0.648850273	-8.910065
46.7	0.91481508	0.642738959	-8.526402
46.8	0.919682129	0.635755284	-8.09017
46.9	0.925042852	0.627929711	-7.60406
47	0.930844038	0.619297487	-7.071068
47.1	0.937029012	0.609898869	-6.49448
47.2	0.943538457	0.599779277	-5.877853
47.3	0.950311348	0.588989255	-5.224986
47.4	0.957285746	0.577584627	-4.539905
47.5	0.964399717	0.565626365	-3.826834
47.6	0.971592185	0.553180464	-3.09017
47.7	0.978803764	0.540317677	-2.334454
47.8	0.985977508	0.527113227	-1.564345
47.9	0.993059609	0.51364639	-0.784591
48	1	0.5	0
48.1	1.006752877	0.486259853	0.784591
48.2	1.013277086	0.47251407	1.564345
48.3	1.0195364	0.458852404	2.334454
48.4	1.025499682	0.445365469	3.09017
48.5	1.031140923	0.432143955	3.826834
48.6	1.036439149	0.41927782	4.539905
48.7	1.041378213	0.406855525	5.224986
48.8	1.045946495	0.394963199	5.877853
48.9	1.050136502	0.383683888	6.49448
49	1.053944412	0.373096738	7.071068
49.1	1.05736948	0.363276455	7.60406
49.2	1.060413505	0.354292533	8.09017
49.3	1.063080215	0.346208688	8.526402
49.4	1.065374641	0.3390824	8.910065
49.5	1.067302554	0.33296435	9.238795
49.6	1.068869885	0.327898107	9.510565
49.7	1.070082232	0.323919769	9.723699
49.8	1.070944427	0.32105768	9.876883
49.9	1.071460186	0.319332226	9.969173
50	1.071631842	0.318755699	10
50.1	1.071460186	0.319332226	9.969173
50.2	1.070944427	0.32105768	9.876883
50.3	1.070082232	0.323919769	9.723699
50.4	1.068869885	0.327898107	9.510565
50.5	1.067302554	0.33296435	9.238795
50.6	1.065374641	0.3390824	8.910065
50.7	1.063080215	0.346208688	8.526402
50.8	1.060413505	0.354292533	8.09017
50.9	1.05736948	0.363276455	7.60406
51	1.053944412	0.373096738	7.071068
51.1	1.050136502	0.383683888	6.49448
51.2	1.045946495	0.394963199	5.877853
51.3	1.041378213	0.406855525	5.224986
51.4	1.036439149	0.41927782	4.539905
51.5	1.031140923	0.432143955	3.826834
51.6	1.025499682	0.445365469	3.09017
51.7	1.0195364	0.458852404	2.334454
51.8	1.013277086	0.47251407	1.564345
51.9	1.006752877	0.486259853	0.784591
52	1	0.5	0
52.1	0.993059609	0.51364639	-0.784591
52.2	0.985977508	0.527113227	-1.564345
52.3	0.978803764	0.540317677	-2.334454
52.4	0.971592185	0.553180464	-3.09017
52.5	0.964399717	0.565626365	-3.826834
52.6	0.957285746	0.577584627	-4.539905
52.7	0.950311348	0.588989255	-5.224986
52.8	0.943538457	0.599779277	-5.877853
52.9	0.937029012	0.609898869	-6.49448
53	0.930844038	0.619297487	-7.071068
53.1	0.925042852	0.627929711	-7.60406
53.2	0.919682129	0.635755284	-8.09017
53.3	0.91481508	0.642738959	-8.526402
53.4	0.910490705	0.648850273	-8.910065
53.5	0.906753012	0.654063433	-9.238795
53.6	0.903640417	0.658357044	-9.510565
53.7	0.901185155	0.661713924	-9.723699
53.8	0.899412801	0.664120933	-9.876883
53.9	0.898341892	0.665568813	-9.969173
54	0.897983664	0.666052054	-10
54.1	0.898341892	0.665568813	-9.969173
54.2	0.899412801	0.664120933	-9.876883
54.3	0.901185155	0.661713924	-9.723699
54.4	0.903640417	0.658357044	-9.510565
54.5	0.906753012	0.654063433	-9.238795
54.6	0.910490705	0.648850273	-8.910065
54.7	0.91481508	0.642738959	-8.526402
54.8	0.919682129	0.635755284	-8.09017
54.9	0.925042852	0.627929711	-7.60406
55	0.930844038	0.619297487	-7.071068
55.1	0.937029012	0.609898869	-6.49448
55.2	0.943538457	0.599779277	-5.877853
55.3	0.950311348	0.588989255	-5.224986
55.4	0.957285746	0.577584627	-4.539905
55.5	0.964399717	0.565626365	-3.826834
55.6	0.971592185	0.553180464	-3.09017
55.7	0.978803764	0.540317677	-2.334454
55.8	0.985977508	0.527113227	-1.564345
55.9	0.993059609	0.51364639	-0.784591
56	1	0.5	0
56.1	1.006752877	0.486259853	0.784591
56.2	1.013277086	0.47251407	1.564345
56.3	1.0195364	0.458852404	2.334454
56.4	1.025499682	0.445365469	3.09017
56.5	1.031140923	0.432143955	3.826834
56.6	1.036439149	0.41927782	4.539905
56.7	1.041378213	0.406855525	5.224986
56.8	1.045946495	0.394963199	5.877853
56.9	1.050136502	0.383683888	6.49448
57	1.053944412	0.373096738	7.071068
57.1	1.05736948	0.363276455	7.60406
57.2	1.060413505	0.354292533	8.09017
57.3	1.063080215	0.346208688	8.526402
57.4	1.065374641	0.3390824	8.910065
57.5	1.067302554	0.33296435	9.238795
57.6	1.068869885	0.327898107	9.510565
57.7	1.070082232	0.323919769	9.723699
57.8	1.070944427	0.32105768	9.876883
57.9	1.071460186	0.319332226	9.969173
58	1.071631842	0.318755699	10
58.1	1.071460186	0.319332226	9.969173
58.2	1.070944427	0.32105768	9.876883
58.3	1.070082232	0.323919769	9.723699
58.4	1.068869885	0.327898107	9.510565
58.5	1.067302554	0.33296435	9.238795
58.6	1.065374641	0.3390824	8.910065
58.7	1.063080215	0.346208688	8.526402
58.8	1.060413505	0.354292533	8.09017
58.9	1.05736948	0.363276455	7.60406
59	1.053944412	0.373096738	7.071068
59.1	1.050136502	0.383683888	6.49448
59.2	1.045946495	0.394963199	5.877853
59.3	1.041378213	0.406855525	5.224986
59.4	1.036439149	0.41927782	4.539905
59.5	1.031140923	0.432143955	3.826834
59.6	1.025499682	0.445365469	3.09017
59.7	1.0195364	0.458852404	2.334454
59.8	1.013277086	0.47251407	1.564345
59.9	1.006752877	0.486259853	0.784591
60	1	0.5	0
60.1	0.993059609	0.51364639	-0.784591
60.2	0.985977508	0.527113227	-1.564345
60.3	0.978803764	0.540317677	-2.334454
60.4	0.971592185	0.553180464	-3.09017
60.5	0.964399717	0.565626365	-3.826834
60.6	0.957285746	0.577584627	-4.539905
60.7	0.950311348	0.588989255	-5.224986
60.8	0.943538457	0.599779277	-5.877853
60.9	0.937029012	0.609898869	-6.49448
61	0.930844038	0.619297487	-7.071068
61.1	0.925042852	0.627929711	-7.60406
61.2	0.919682129	0.635755284	-8.09017
61.3	0.91481508	0.642738959	-8.526402
61.4	0.910490705	0.648850273	-8.910065
61.5	0.906753012	0.654063433	-9.238795
61.6	0.903640417	0.658357044	-9.510565
61.7	0.901185155	0.661713924	-9.723699
61.8	0.899412801	0.664120933	-9.876883
61.9	0.898341892	0.665568813	-9.969173
62	0.897983664	0.666052054	-10
62.1	0.898341892	0.665568813	-9.969173
62.2	0.899412801	0.664120933	-9.876883
62.3	0.901185155	0.661713924	-9.723699
62.4	0.903640417	0.658357044	-9.510565
62.5	0.906753012	0.654063433	-9.238795
62.6	0.910490705	0.648850273	-8.910065
62.7	0.91481508	0.642738959	-8.526402
62.8	0.919682129	0.635755284	-8.09017
62.9	0.925042852	0.627929711	-7.60406
63	0.930844038	0.619297487	-7.071068
63.1	0.937029012	0.609898869	-6.49448
63.2	0.943538457	0.599779277	-5.877853
63.3	0.950311348	0.588989255	-5.224986
63.4	0.957285746	0.577584627	-4.539905
63.5	0.964399717	0.565626365	-3.826834
63.6	0.971592185	0.553180464	-3.09017
63.7	0.978803764	0.540317677	-2.334454
63.8	0.985977508	0.527113227	-1.564345
63.9	0.993059609	0.51364639	-0.784591
64	1	0.5	0
64.1	1.006752877	0.486259853	0.784591
64.2	1.013277086	0.47251407	1.564345
64.3	1.0195364	0.458852404	2.334454
64.4	1.025499682	0.445365469	3.09017
64.5	1.031140923	0.432143955	3.826834
64.6	1.036439149	0.41927782	4.539905
64.7	1.041378213	0.406855525	5.224986
64.8	1.045946495	0.394963199	5.877853
64.9	1.050136502	0.383683888	6.49448
65	1.053944412	0.373096738	7.071068
65.1	1.05736948	0.363276455	7.60406
65.2	1.060413505	0.354292533	8.09017
65.3	1.063080215	0.346208688	8.526402
65.4	1.065374641	0.3390824	8.910065
65.5	1.067302554	0.33296435	9.238795
65.6	1.068869885	0.327898107	9.510565
65.7	1.070082232	0.323919769	9.723699
65.8	1.070944427	0.32105768	9.876883
65.9	1.071460186	0.319332226	9.969173
66	1.071631842	0.318755699	10
66.1	1.071460186	0.319332226	9.969173
66.2	1.070944427	0.32105768	9.876883
66.3	1.070082232	0.323919769	9.723699
66.4	1.068869885	0.327898107	9.510565
66.5	1.067302554	0.33296435	9.238795
66.6	1.065374641	0.3390824	8.910065
66.7	1.063080215	0.346208688	8.526402
66.8	1.060413505	0.354292533	8.09017
66.9	1.05736948	0.363276455	7.60406
67	1.053944412	0.373096738	7.071068
67.1	1.050136502	0.383683888	6.49448
67.2	1.045946495	0.394963199	5.877853
67.3	1.041378213	0.406855525	5.224986
67.4	1.036439149	0.41927782	4.539905
67.5	1.031140923	0.432143955	3.826834
67.6	1.025499682	0.445365469	3.09017
67.7	1.0195364	0.458852404	2.334454
67.8	1.013277086	0.47251407	1.564345
67.9	1.006752877	0.486259853	0.784591
68	1	0.5	0
68.1	0.993059609	0.51364639	-0.784591
68.2	0.985977508	0.527113227	-1.564345
68.3	0.978803764	0.540317677	-2.334454
68.4	0.971592185	0.553180464	-3.09017
68.5	0.964399717	0.565626365	-3.826834
68.6	0.957285746	0.577584627	-4.539905
68.7	0.950311348	0.588989255	-5.224986
68.8	0.943538457	0.599779277	-5.877853
68.9	0.937029012	0.609898869	-6.49448
69	0.930844038	0.619297487	-7.071068
69.1	0.925042852	0.627929711	-7.60406
69.2	0.919682129	0.635755284	-8.09017
69.3	0.91481508	0.642738959	-8.526402
69.4	0.910490705	0.648850273	-8.910065
69.5	0.906753012	0.654063433	-9.238795
69.6	0.903640417	0.658357044	-9.510565
69.7	0.901185155	0.661713924	-9.723699
69.8	0.899412801	0.664120933	-9.876883
69.9	0.898341892	0.665568813	-9.969173
70	0.897983664	0.666052054	-10
70.1	0.898341892	0.665568813	-9.969173
70.2	0.899412801	0.664120933	-9.876883
70.3	0.901185155	0.661713924	-9.723699
70.4	0.903640417	0.658357044	-9.510565
70.5	0.906753012	0.654063433	-9.238795
70.6	0.910490705	0.648850273	-8.910065
70.7	0.91481508	0.642738959	-8.526402
70.8	0.919682129	0.635755284	-8.09017
70.9	0.925042852	0.627929711	-7.60406
71	0.930844038	0.619297487	-7.071068
71.1	0.937029012	0.609898869	-6.49448
71.2	0.943538457	0.599779277	-5.877853
71.3	0.950311348	0.588989255	-5.224986
71.4	0.957285746	0.577584627	-4.539905
71.5	0.964399717	0.565626365	-3.826834
71.6	0.971592185	0.553180464	-3.09017
71.7	0.978803764	0.540317677	-2.334454
71.8	0.985977508	0.527113227	-1.564345
71.9	0.993059609	0.51364639	-0.784591
72	1	0.5	0
72.1	1.006752877	0.486259853	0.784591
72.2	1.013277086	0.47251407	1.564345
72.3	1.0195364	0.458852404	2.334454
72.4	1.025499682	0.445365469	3.09017
72.5	1.031140923	0.432143955	3.826834
72.6	1.036439149	0.41927782	4.539905
72.7	1.041378213	0.406855525	5.224986
72.8	1.045946495	0.394963199	5.877853
72.9	1.050136502	0.383683888	6.49448
73	1.053944412	0.373096738	7.071068
73.1	1.05736948	0.363276455	7.60406
73.2	1.060413505	0.354292533	8.09017
73.3	1.063080215	0.346208688	8.526402
73.4	1.065374641	0.3390824	8.910065
73.5	1.067302554	0.33296435	9.238795
73.6	1.068869885	0.327898107	9.510565
73.7	1.070082232	0.323919769	9.723699
73.8	1.070944427	0.32105768	9.876883
73.9	1.071460186	0.319332226	9.969173
74	1.071631842	0.318755699	10
74.1	1.071460186	0.319332226	9.969173
74.2	1.070944427	0.32105768	9.876883
74.3	1.070082232	0.323919769	9.723699
74.4	1.068869885	0.327898107	9.510565
74.5	1.067302554	0.33296435	9.238795
74.6	1.065374641	0.3390824	8.910065
74.7	1.063080215	0.346208688	8.526402
74.8	1.060413505	0.354292533	8.09017
74.9	1.05736948	0.363276455	7.60406
75	1.053944412	0.373096738	7.071068
75.1	1.050136502	0.383683888	6.49448
75.2	1.045946495	0.394963199	5.877853
75.3	1.041378213	0.406855525	5.224986
75.4	1.036439149	0.41927782	4.539905
75.5	1.031140923	0.432143955	3.826834
75.6	1.025499682	0.445365469	3.09017
75.7	1.0195364	0.458852404	2.334454
75.8	1.013277086	0.47251407	1.564345
75.9	1.006752877	0.486259853	0.784591
76	1	0.5	0
76.1	0.993059609	0.51364639	-0.784591
76.2	0.985977508	0.527113227	-1.564345
76.3	0.978803764	0.540317677	-2.334454
76.4	0.971592185	0.553180464	-3.09017
76.5	0.964399717	0.565626365	-3.826834
76.6	0.957285746	0.577584627	-4.539905
76.7	0.950311348	0.588989255	-5.224986
76.8	0.943538457	0.599779277	-5.877853
76.9	0.937029012	0.609898869	-6.49448
77	0.930844038	0.619297487	-7.071068
77.1	0.925042852	0.627929711	-7.60406
77.2	0.919682129	0.635755284	-8.09017
77.3	0.91481508	0.642738959	-8.526402
77.4	0.910490705	0.648850273	-8.910065
77.5	0.906753012	0.654063433	-9.238795
77.6	0.903640417	0.658357044	-9.510565
77.7	0.901185155	0.661713924	-9.723699
77.8	0.899412801	0.664120933	-9.876883
77.9	0.898341892	0.665568813	-9.969173
78	0.897983664	0.666052054	-10
78.1	0.898341892	0.665568813	-9.969173
78.2	0.899412801	0.664120933	-9.876883
78.3	0.901185155	0.661713924	-9.723699
78.4	0.903640417	0.658357044	-9.510565
78.5	0.906753012	0.654063433	-9.238795
78.6	0.910490705	0.648850273	-8.910065
78.7	0.91481508	0.642738959	-8.526402
78.8	0.919682129	0.635755284	-8.09017
78.9	0.925042852	0.627929711	-7.60406
79	0.930844038	0.619297487	-7.071068
79.1	0.937029012	0.609898869	-6.49448
79.2	0.943538457	0.599779277	-5.877853
79.3	0.950311348	0.588989255	-5.224986
79.4	0.957285746	0.577584627	-4.539905
79.5	0.964399717	0.565626365	-3.826834
79.6	0.971592185	0.553180464	-3.09017
79.7	0.978803764	0.540317677	-2.334454
79.8	0.985977508	0.527113227	-1.564345
79.9	0.993059609	0.51364639	-0.784591
80	1	0.5	0
80.1	1.006752877	0.486259853	0.784591
80.2	1.013277086	0.47251407	1.564345
80.3	1.0195364	0.458852404	2.334454
80.4	1.025499682	0.445365469	3.09017
80.5	1.031140923	0.432143955	3.826834
80.6	1.036439149	0.41927782	4.539905
80.7	1.041378213	0.406855525	5.224986
80.8	1.045946495	0.394963199	5.877853
80.9	1.050136502	0.383683888	6.49448
81	1.053944412	0.373096738	7.071068
81.1	1.05736948	0.363276455	7.60406
81.2	1.060413505	0.354292533	8.09017
81.3	1.063080215	0.346208688	8.526402
81.4	1.065374641	0.3390824	8.910065
81.5	1.067302554	0.33296435	9.238795
81.6	1.068869885	0.327898107	9.510565
81.7	1.070082232	0.323919769	9.723699
81.8	1.070944427	0.32105768	9.876883
81.9	1.071460186	0.319332226	9.969173
82	1.071631842	0.318755699	10
82.1	1.071460186	0.319332226	9.969173
82.2	1.070944427	0.32105768	9.876883
82.3	1.070082232	0.323919769	9.723699
82.4	1.068869885	0.327898107	9.510565
82.5	1.067302554	0.33296435	9.238795
82.6	1.065374641	0.3390824	8.910065
82.7	1.063080215	0.346208688	8.526402
82.8	1.060413505	0.354292533	8.09017
82.9	1.05736948	0.363276455	7.60406
83	1.053944412	0.373096738	7.071068
83.1	1.050136502	0.383683888	6.49448
83.2	1.045946495	0.394963199	5.877853
83.3	1.041378213	0.406855525	5.224986
83.4	1.036439149	0.41927782	4.539905
83.5	1.031140923	0.432143955	3.826834
83.6	1.025499682	0.445365469	3.09017
83.7	1.0195364	0.458852404	2.334454
83.8	1.013277086	0.47251407	1.564345
83.9	1.006752877	0.486259853	0.784591
84	1	0.5	0
84.1	0.993059609	0.51364639	-0.784591
84.2	0.985977508	0.527113227	-1.564345
84.3	0.978803764	0.540317677	-2.334454
84.4	0.971592185	0.553180464	-3.09017
84.5	0.964399717	0.565626365	-3.826834
84.6	0.957285746	0.577584627	-4.539905
84.7	0.950311348	0.588989255	-5.224986
84.8	0.943538457	0.599779277	-5.877853
84.9	0.937029012	0.609898869	-6.49448
85	0.930844038	0.619297487	-7.071068
85.1	0.925042852	0.627929711	-7.60406
85.2	0.919682129	0.635755284	-8.09017
85.3	0.91481508	0.642738959	-8.526402
85.4	0.910490705	0.648850273	-8.910065
85.5	0.906753012	0.654063433	-9.238795
85.6	0.903640417	0.658357044	-9.510565
85.7	0.901185155	0.661713924	-9.723699
85.8	0.899412801	0.664120933	-9.876883
85.9	0.898341892	0.665568813	-9.969173
86	0.897983664	0.666052054	-10
86.1	0.898341892	0.665568813	-9.969173
86.2	0.899412801	0.664120933	-9.876883
86.3	0.901185155	0.661713924	-9.723699
86.4	0.903640417	0.658357044	-9.510565
86.5	0.906753012	0.654063433	-9.238795
86.6	0.910490705	0.648850273	-8.910065
86.7	0.91481508	0.642738959	-8.526402
86.8	0.919682129	0.635755284	-8.09017
86.9	0.925042852	0.627929711	-7.60406
87	0.930844038	0.619297487	-7.071068
87.1	0.937029012	0.609898869	-6.49448
87.2	0.943538457	0.599779277	-5.877853
87.3	0.950311348	0.588989255	-5.224986
87.4	0.957285746	0.577584627	-4.539905
87.5	0.964399717	0.565626365	-3.826834
87.6	0.971592185	0.553180464	-3.09017
87.7	0.978803764	0.540317677	-2.334454
87.8	0.985977508	0.527113227	-1.564345
87.9	0.993059609	0.51364639	-0.784591
88	1	0.5	0
88.1	1.006752877	0.486259853	0.784591
88.2	1.013277086	0.47251407	1.564345
88.3	1.0195364	0.458852404	2.334454
88.4	1.025499682	0.445365469	3.09017
88.5	1.031140923	0.432143955	3.826834
88.6	1.036439149	0.41927782	4.539905
88.7	1.041378213	0.406855525	5.224986
88.8	1.045946495	0.394963199	5.877853
88.9	1.050136502	0.383683888	6.49448
89	1.053944412	0.373096738	7.071068
89.1	1.05736948	0.363276455	7.60406
89.2	1.060413505	0.354292533	8.09017
89.3	1.063080215	0.346208688	8.526402
89.4	1.065374641	0.3390824	8.910065
89.5	1.067302554	0.33296435	9.238795
89.6	1.068869885	0.327898107	9.510565
89.7	1.070082232	0.323919769	9.723699
89.8	1.070944427	0.32105768	9.876883
89.9	1.071460186	0.319332226	9.969173
90	1.071631842	0.318755699	10
90.1	1.071460186	0.319332226	9.969173
90.2	1.070944427	0.32105768	9.876883
90.3	1.070082232	0.323919769	9.723699
90.4	1.068869885	0.327898107	9.510565
90.5	1.067302554	0.33296435	9.238795
90.6	1.065374641	0.3390824	8.910065
90.7	1.063080215	0.346208688	8.526402
90.8	1.060413505	0.354292533	8.09017
90.9	1.05736948	0.363276455	7.60406
91	1.053944412	0.373096738	7.071068
91.1	1.050136502	0.383683888	6.49448
91.2	1.045946495	0.394963199	5.877853
91.3	1.041378213	0.406855525	5.224986
91.4	1.036439149	0.41927782	4.539905
91.5	1.031140923	0.432143955	3.826834
91.6	1.025499682	0.445365469	3.09017
91.7	1.0195364	0.458852404	2.334454
91.8	1.013277086	0.47251407	1.564345
91.9	1.006752877	0.486259853	0.784591
92	1	0.5	0
92.1	0.993059609	0.51364639	-0.784591
92.2	0.985977508	0.527113227	-1.564345
92.3	0.978803764	0.540317677	-2.334454
92.4	0.971592185	0.553180464	-3.09017
92.5	0.964399717	0.565626365	-3.826834
92.6	0.957285746	0.577584627	-4.539905
92.7	0.950311348	0.588989255	-5.224986
92.8	0.943538457	0.599779277	-5.877853
92.9	0.937029012	0.609898869	-6.49448
93	0.930844038	0.619297487	-7.071068
93.1	0.925042852	0.627929711	-7.60406
93.2	0.919682129	0.635755284	-8.09017
93.3	0.91481508	0.642738959	-8.526402
93.4	0.910490705	0.648850273	-8.910065
93.5	0.906753012	0.654063433	-9.238795
93.6	0.903640417	0.658357044	-9.510565
93.7	0.901185155	0.661713924	-9.723699
93.8	0.899412801	0.664120933	-9.876883
93.9	0.898341892	0.665568813	-9.969173
94	0.897983664	0.666052054	-10
94.1	0.898341892	0.665568813	-9.969173
94.2	0.899412801	0.664120933	-9.876883
94.3	0.901185155	0.661713924	-9.723699
94.4	0.903640417	0.658357044	-9.510565
94.5	0.906753012	0.654063433	-9.238795
94.6	0.910490705	0.648850273	-8.910065
94.7	0.91481508	0.642738959	-8.526402
94.8	0.919682129	0.635755284	-8.09017
94.9	0.925042852	0.627929711	-7.60406
95	0.930844038	0.619297487	-7.071068
95.1	0.937029012	0.609898869	-6.49448
95.2	0.943538457	0.599779277	-5.877853
95.3	0.950311348	0.588989255	-5.224986
95.4	0.957285746	0.577584627	-4.539905
95.5	0.964399717	0.565626365	-3.826834
95.6	0.971592185	0.553180464	-3.09017
95.7	0.978803764	0.540317677	-2.334454
95.8	0.985977508	0.527113227	-1.564345
95.9	0.993059609	0.51364639	-0.784591
96	1	0.5	0
96.1	1.006752877	0.486259853	0.784591
96.2	1.013277086	0.47251407	1.564345
96.3	1.0195364	0.458852404	2.334454
96.4	1.025499682	0.445365469	3.09017
96.5	1.031140923	0.432143955	3.826834
96.6	1.036439149	0.41927782	4.539905
96.7	1.041378213	0.406855525	5.224986
96.8	1.045946495	0.394963199	5.877853
96.9	1.050136502	0.383683888	6.49448
97	1.053944412	0.373096738	7.071068
97.1	1.05736948	0.363276455	7.60406
97.2	1.060413505	0.354292533	8.09017
97.3	1.063080215	0.346208688	8.526402
97.4	1.065374641	0.3390824	8.910065
97.5	1.067302554	0.33296435	9.238795
97.6	1.068869885	0.327898107	9.510565
97.7	1.070082232	0.323919769	9.723699
97.8	1.070944427	0.32105768	9.876883
97.9	1.071460186	0.319332226	9.969173
98	1.071631842	0.318755699	10
98.1	1.071460186	0.319332226	9.969173
98.2	1.070944427	0.32105768	9.876883
98.3	1.070082232	0.323919769	9.723699
98.4	1.068869885	0.327898107	9.510565
98.5	1.067302554	0.33296435	9.238795
98.6	1.065374641	0.3390824	8.910065
98.7	1.063080215	0.346208688	8.526402
98.8	1.060413505	0.354292533	8.09017
98.9	1.05736948	0.363276455	7.60406
99	1.053944412	0.373096738	7.071068
99.1	1.050136502	0.383683888	6.49448
99.2	1.045946495	0.394963199	5.877853
99.3	1.041378213	0.406855525	5.224986
99.4	1.036439149	0.41927782	4.539905
99.5	1.031140923	0.432143955	3.826834
99.6	1.025499682	0.445365469	3.09017
99.7	1.0195364	0.458852404	2.334454
99.8	1.013277086	0.47251407	1.564345
99.9	1.006752877	0.486259853	0.784591
100	1	0.5	0
100.1	0.993059609	0.51364639	-0.784591
100.2	0.985977508	0.527113227	-1.564345
100.3	0.978803764	0.540317677	-2.334454
100.4	0.971592185	0.553180464	-3.09017
100.5	0.964399717	0.565626365	-3.826834
100.6	0.957285746	0.577584627	-4.539905
100.7	0.950311348	0.588989255	-5.224986
100.8	0.943538457	0.599779277	-5.877853
100.9	0.937029012	0.609898869	-6.49448
101	0.930844038	0.619297487	-7.071068
101.1	0.925042852	0.627929711	-7.60406
101.2	0.919682129	0.635755284	-8.09017
101.3	0.91481508	0.642738959	-8.526402
101.4	0.910490705	0.648850273	-8.910065
101.5	0.906753012	0.654063433	-9.238795
101.6	0.903640417	0.658357044	-9.510565
101.7	0.901185155	0.661713924	-9.723699
101.8	0.899412801	0.664120933	-9.876883
101.9	0.898341892	0.665568813	-9.969173
102	0.897983664	0.666052054	-10
102.1	0.898341892	0.665568813	-9.969173
102.2	0.899412801	0.664120933	-9.876883
102.3	0.901185155	0.661713924	-9.723699
102.4	0.903640417	0.658357044	-9.510565
102.5	0.906753012	0.654063433	-9.238795
102.6	0.910490705	0.648850273	-8.910065
102.7	0.91481508	0.642738959	-8.526402
102.8	0.919682129	0.635755284	-8.09017
102.9	0.925042852	0.627929711	-7.60406
103	0.930844038	0.619297487	-7.071068
103.1	0.937029012	0.609898869	-6.49448
103.2	0.943538457	0.599779277	-5.877853
103.3	0.950311348	0.588989255	-5.224986
103.4	0.957285746	0.577584627	-4.539905
103.5	0.964399717	0.565626365	-3.826834
103.6	0.971592185	0.553180464	-3.09017
103.7	0.978803764	0.540317677	-2.334454
103.8	0.985977508	0.527113227	-1.564345
103.9	0.993059609	0.51364639	-0.784591
104	1	0.5	0
104.1	1.006752877	0.486259853	0.784591
104.2	1.013277086	0.47251407	1.564345
104.3	1.0195364	0.458852404	2.334454
104.4	1.025499682	0.445365469	3.09017
104.5	1.031140923	0.432143955	3.826834
104.6	1.036439149	0.41927782	4.539905
104.7	1.041378213	0.406855525	5.224986
104.8	1.045946495	0.394963199	5.877853
104.9	1.050136502	0.383683888	6.49448
105	1.053944412	0.373096738	7.071068
105.1	1.05736948	0.363276455	7.60406
105.2	1.060413505	0.354292533	8.09017
105.3	1.063080215	0.346208688	8.526402
105.4	1.065374641	0.3390824	8.910065
105.5	1.067302554	0.33296435	9.238795
105.6	1.068869885	0.327898107	9.510565
105.7	1.070082232	0.323919769	9.723699
105.8	1.070944427	0.32105768	9.876883
105.9	1.071460186	0.319332226	9.969173
106	1.071631842	0.318755699	10
106.1	1.071460186	0.319332226	9.969173
106.2	1.070944427	0.32105768	9.876883
106.3	1.070082232	0.323919769	9.723699
106.4	1.068869885	0.327898107	9.510565
106.5	1.067302554	0.33296435	9.238795
106.6	1.065374641	0.3390824	8.910065
106.7	1.063080215	0.346208688	8.526402
106.8	1.060413505	0.354292533	8.09017
106.9	1.05736948	0.363276455	7.60406
107	1.053944412	0.373096738	7.071068
107.1	1.050136502	0.383683888	6.49448
107.2	1.045946495	0.394963199	5.877853
107.3	1.041378213	0.406855525	5.224986
107.4	1.036439149	0.41927782	4.539905
107.5	1.031140923	0.432143955	3.826834
107.6	1.025499682	0.445365469	3.09017
107.7	1.0195364	0.458852404	2.334454
107.8	1.013277086	0.47251407	1.564345
107.9	1.006752877	0.486259853	0.784591
108	1	0.5	0
108.1	0.993059609	0.51364639	-0.784591
108.2	0.985977508	0.527113227	-1.564345
108.3	0.978803764	0.540317677	-2.334454
108.4	0.971592185	0.553180464	-3.09017
108.5	0.964399717	0.565626365	-3.826834
108.6	0.957285746	0.577584627	-4.539905
108.7	0.950311348	0.588989255	-5.224986
108.8	0.943538457	0.599779277	-5.877853
108.9	0.937029012	0.609898869	-6.49448
109	0.930844038	0.619297487	-7.071068
109.1	0.925042852	0.627929711	-7.60406
109.2	0.919682129	0.635755284	-8.09017
109.3	0.91481508	0.642738959	-8.526402
109.4	0.910490705	0.648850273	-8.910065
109.5	0.906753012	0.654063433	-9.238795
109.6	0.903640417	0.658357044	-9.510565
109.7	0.901185155	0.661713924	-9.723699
109.8	0.899412801	0.664120933	-9.876883
109.9	0.898341892	0.665568813	-9.969173
110	0.897983664	0.666052054	-10
