JOB BUOY  LIBR
TITLE               Buoy for JPKenny; ACMA JOB B860
OPTIONS REST PBIS LSTF END
*
*    -- -- -- ---- --------- --------- --------- ---------
*    BUOY MODEL
*    -- -- -- ---- --------- --------- --------- ---------
*
*
RESTART   1  5      AL2LAT
    01    COOR
      STRC         1    
*   01NNNN             XXX.XXX   YYY.YYY   ZZZ.ZZZ
*   Single Point on center of each horizontal plane, not to be repeated
    018999    2    1     0.000     0.000     0.000     0.000     0.000     5.200
*   Nodal Generation on Horizontal
    01   1   11    1    0.5208     0.000     0.000    0.5208     0.000     0.000
*   Nodal Generation on Vertical Line
    01  12   10    1     6.250     0.000     0.000     0.000     0.000    0.5778 
*   Nodal Generation on Horizontal
    01  22   11    1    5.7292     0.000    5.2002   -0.5208     0.000     0.000
*   R indicates Rotational Node Generation
R   01   1   19   32     0.000     0.000     0.000     0.000     0.000     5.000
*   Fairleads & Anchorpoints
    018000    1    1     6.250     0.000     0.000     0.000     0.000     0.000
    018007    1    1   325.000     0.000   -33.000     0.000     0.000     0.000
R   018000    6    1     0.000     0.000     0.000     0.000     0.000    60.000
    019999               0.000     0.000     1.740
    019001    1    1     0.000     0.000     6.200     0.000     0.000     0.000
      STRC         2
*   Rotating Arm on Buoy
    01 500    6    1     0.000     0.000     0.000    1.4500     0.000    0.0000
T   01 500    5    6                                  0.0000     0.250    0.0000 
T   01 500    2   36                                  0.0000     0.000    1.5000
 END01 999               0.000     0.000     0.750
    02    ELM1
    02SYMX
    02SYMY
    02QPPL DIFF    0 (  2) ( 289, 288)( 161, 288)(  1,288)(  8999,0)
    02QPPL DIFF    0 (  2) ( 161, 288)( 162, 288)(  2,288)(   1,288)
    02QPPL DIFF    0 (  2) ( 289, 288)( 290, 288)(162,288)( 161,288)
    02QPPL DIFF    0 (  2) ( 162, 288)( 163, 288)(  3,288)(   2,288)
    02QPPL DIFF    0 (  2) ( 290, 288)( 291, 288)(163,288)( 162,288)
    02QPPL DIFF    0 (  2) ( 291, 288)( 228, 288)(196,288)( 163,288)
    02QPPL DIFF    0 (  2) ( 163, 288)( 100, 288)( 68,288)(   3,288)
    02QPPL DIFF    0 (  2) (  68, 288)(  36, 288)(  4,288)(   3,288)
    02QPPL DIFF    0 (  2) ( 164, 288)( 132, 288)(100,288)( 163,288)
    02TPPL DIFF    0 (  2) ( 196, 288)( 164, 288)(163,288)
    02QPPL DIFF    0 (  2) ( 292, 288)( 260, 288)(228,288)( 291,288)
    02QPPL DIFF    0 ( 18) (    4, 32)(36, 32)(37, 32)( 5, 32)
    02QPPL DIFF    0 ( 18) (    5, 32)(37, 32)(38, 32)( 6, 32)
    02QPPL DIFF    0 ( 18) (    6, 32)(38, 32)(39, 32)( 7, 32)
    02QPPL DIFF    0 ( 18) (    7, 32)(39, 32)(40, 32)( 8, 32)
    02QPPL DIFF    0 ( 18) (    8, 32)(40, 32)(41, 32)( 9, 32)
    02QPPL DIFF    0 ( 18) (    9, 32)(41, 32)(42, 32)(10, 32)
    02QPPL DIFF    0 ( 18) (   10, 32)(42, 32)(43, 32)(11, 32)
    02QPPL DIFF    0 ( 18) (   11, 32)(43, 32)(44, 32)(12, 32)
    02QPPL DIFF    0 ( 18) (   12, 32)(44, 32)(45, 32)(13, 32)
    02QPPL DIFF    0 ( 18) (   13, 32)(45, 32)(46, 32)(14, 32)
    02QPPL DIFF    0 ( 18) (   14, 32)(46, 32)(47, 32)(15, 32)
    02QPPL DIFF    0 ( 18) (   15, 32)(47, 32)(48, 32)(16, 32)
    02QPPL DIFF    0 ( 18) (   16, 32)(48, 32)(49, 32)(17, 32)
    02QPPL DIFF    0 ( 18) (   17, 32)(49, 32)(50, 32)(18, 32)
    02QPPL         0 ( 18) (   18, 32)(50, 32)(51, 32)(19, 32)
    02QPPL         0 ( 18) (   19, 32)(51, 32)(52, 32)(20, 32)
    02QPPL         0 ( 18) (   20, 32)(52, 32)(53, 32)(21, 32)
    02QPPL         0 ( 18) (   21, 32)(53, 32)(54, 32)(22, 32)
    02QPPL         0 ( 18) (   22, 32)(54, 32)(55, 32)(23, 32)
    02QPPL         0 ( 18) (   23, 32)(55, 32)(56, 32)(24, 32)
    02QPPL         0 ( 18) (   24, 32)(56, 32)(57, 32)(25, 32)
    02QPPL         0 ( 18) (   25, 32)(57, 32)(58, 32)(26, 32)
    02QPPL         0 ( 18) (   26, 32)(58, 32)(59, 32)(27, 32)
    02QPPL         0 ( 18) (   27, 32)(59, 32)(60, 32)(28, 32)
    02QPPL         0 ( 18) (   28, 32)(60, 32)(61, 32)(29, 32)
    02QPPL         0 ( 18) (   29, 32)(61, 32)(62, 32)(30, 32)
    02QPPL         0 ( 18) (   30, 32)(62, 32)(63, 32)(31, 32)
    02QPPL         0 ( 18) (   31, 32)(63, 32)(64, 32)(32, 32)
    02TPPL         0 ( 18) ( 9000,  0)(64, 32)(32, 32) 
 END02PMAS         0  ( 1)( 9999)(   1)(   1)   
    02    ELM2
    02SYMX
    02SYMY
    02QPPL         0 ( 5) (  500,  1)(506, 1)(507, 1)(501, 1)
    02QPPL         0 ( 5) (  506,  1)(512, 1)(513, 1)(507, 1)    
    02QPPL         0 ( 5) (  512,  1)(518, 1)(519, 1)(513, 1)    
    02QPPL         0 ( 5) (  518,  1)(524, 1)(525, 1)(519, 1)    
    02QPPL         0 ( 5) (  524,  1)(530, 1)(531, 1)(525, 1) 
    02QPPL         0 ( 5) (537, 1)(543, 1)(542, 1)(  536,  1)
    02QPPL         0 ( 5) (543, 1)(549, 1)(548, 1)(  542,  1)
    02QPPL         0 ( 5) (549, 1)(555, 1)(554, 1)(  548,  1)
    02QPPL         0 ( 5) (555, 1)(561, 1)(560, 1)(  554,  1)
    02QPPL         0 ( 5) (561, 1)(567, 1)(566, 1)(  560,  1)
    02QPPL         0 ( 5) (  511,  6)(547, 6)(541, 6)(505, 6)
    02QPPL         0 ( 5) (567, 1)(531, 1)(530, 1)(  566,  1)
 END02PMAS         0 (1)(999)(1)(1) 
    02    FINI
*   Total weight of buoy including anchor chain should target a 3.5m draft    
*   Therefore, approximately 106.5 MT should be subtracted from the buoy weight due to anchor chain.
*         Hull Mass    =  54.08 MT
*         Swivel Mass  = 126.50 MT
*         Ballast Mass = 125.54 MT
    03    MATE	
    03STRC         1
    03             1    306.12
    03STRC         2
 END03             1     94.42
    04    GEOM
    04STRC         1 
    04PMAS         1   3471.82       0.0       0.0   3471.82       0.0   3075.81
    04STRC         2
 END04PMAS         1    214.41       0.0       0.0   1672.04       0.0   1851.05 
    05    GLOB	    				       
    05DPTH    33.000				       
    05DENS     1.025
 END05ACCG     9.806
    06    FDR1
    06FILE           al2lat.HYD  
 END06CPDB
    06    FDR2
    06FILE           al2lat.HYD  
 END06CPDB
    07    WFS1
 END07ZCGE             -1.7268
    07    WFS2
 END07ZCGE                2.45
    08    NONE
    09    NONE	    
    10    NONE	    
    11    NONE	
    12    CONS
 END12DCON    2    1 9000 9001         2  500  536
    13    NONE
    14    MOOR
    14PRIC
*                                    m/l       A        EA         BS        L
*                                 (MT/m)     (m^2)    (kN)       (kN)      (m)
    14COMP   20   30         2      20.0      60.0       0.0
*                                 (MT/m) in air = .177     (MT/m) in water = .154
    14ECAT                       0.17700   0.01272    8.00e5    6647.0     300.0
    14ECAT                       0.17700   0.01272    8.00e5    6647.0      30.0
    14NLIN    1 8000    0 8007	    
    14NLIN    1 8001    0 8008                	    
    14NLIN    1 8002    0 8009                	    
    14NLIN    1 8003    0 8010                	    
    14NLIN    1 8004    0 8011                	    
 END14NLIN    1 8005    0 8012
    15    NONE
    16    LMTS
 END16MXNI      1000
*    16MMVE    1            1.5       1.5       1.5       1.5       1.5       1.5
*    16MERR    1            0.5       0.5       0.5       0.5       0.5       0.5
*    16MMVE    2            1.5       1.5       1.5       1.5       1.5       1.5
* END16MERR    2            0.5       0.5       0.5       0.5       0.5       0.5
    17    NONE	
    18    NONE	    
    19    NONE
    20    NONE	    
